structure(c(77.334573184319, -10.9798696253498, 4.58664941155663, 
0.954881967004202, 5.8673793267431, 88.118153363754, -0.390802735038783, 
58123.5489413405, 228.374352414553, 15.2071552473023, 33.5128862925209, 
60.2720892551912, 0.688921814731003, 0.384005623828456, 4.91914049558324, 
106.404258791456, 0.306430678225227, 6782.76028969194, 43.1015306152788, 
3.74586272396608), .Dim = c(10L, 2L), .Dimnames = list(c("beta.C1", 
"beta.C2", "beta.C3", "beta.C4", "beta.L", "beta0", "cor.int.slope", 
"sigma2.bc", "sqrt.D11", "sqrt.D22"), c("Mean", "SD")))
