structure(c(432.893007049337, 823.091185686277, 0.699762304454906, 
-20.1219210895492, 38.0069463496654, 201.548075298176, 1055.51538035402, 
0.891301919036565, 6.16360155115171, 11.8422225356119, 215.528297936867, 
224.911201475339, 0.322628695865029, 24.8136216234854, 26.5544135776558, 
20.9030602010722, 64.2235246694948, 0.263452583225577, 3.44667115863969, 
10.0969342729408), .Dim = c(5L, 4L), .Dimnames = list(c("Intercept", 
"Tx", "Mc.Base", "Month", "Tx:Month"), c("Estimates", "Est (w/o 57)", 
"Robust SE", "Robust SE (w/o 57)")))
