structure(c(916.216938648095, 137.102300989855, 0.950130510242029, 
54.6013634865928, -14.6417539483743, 162.196534682931, 57.9544277085728, 
0.290888977272101, 26.4514171779242, 10.271601386452), .Dim = c(5L, 
2L), .Dimnames = list(c("Intercept", "Dose/15", "Mc.Base", "Month", 
"(Dose/15):Month"), c("Estimate", "Robust S.E.")))
