structure(c(1003.88683010526, 137.071551942784, 1.87973477403221, 
-153.371669448923, -11.377829062037, 143.508353078927, 63.8799162204429, 
0.532381062773512, 28.4277506252954, 11.9275631374574), .Dim = c(5L, 
2L), .Dimnames = list(c("Intercept", "Dose/15", "Mc.Base", "Month", 
"(Dose/15):Month"), c("Estimate", "Robust S.E.")))
