structure(list(X = 372:377, ptid = c(31L, 31L, 31L, 31L, 31L, 
31L), time = c(1, 2, 3, 4, 5, 6), bcarot = c(595L, 1126L, NA, 
1027L, 1093L, 1001L), dose = c(45L, 45L, 45L, 45L, 45L, 45L), 
    factor.dose = c(1, 1, 1, 1, 1, 1), base = c(93.25, 93.25, 
    93.25, 93.25, 93.25, 93.25)), class = "data.frame", row.names = c(NA, 
-6L), .Names = c("X", "ptid", "time", "bcarot", "dose", "factor.dose", 
"base"))
