structure(c(9.0472056264741, 0.528059440165578, 0.532572908181493, 
-0.13133935729158, 0.0171028689499551, 0.267901739802249, 0.327245339857285, 
0.0825343411231742, 0.0488459633940917, 0.0562328180299923, 5.25591628110124, 
4.52543499863464, 0.677058449534617, 0.179482009283049, -0.473079301089626, 
1.55419355059184, 1.69372153162529, 0.103174141462747, 0.137114998669929, 
0.146473394513279), .Dim = c(5L, 4L), .Dimnames = list(c("Intercept", 
"Tx", "Mc.Base", "Month", "Tx:Month"), c("Tx Phase \n Estimates", 
"Tx Phase \n Robust SE", "Post-Tx Phase \n Estimates", "Post-Tx Phase \n Robust SE"
)))
